Sigma: 0.5
pos_label=1....AUC@ROC: 0.8776249885559082, APCER:0.20000000298023224, EER: 0.20000000298023224, BPCER:0.19499999284744263, ACER:0.19750000536441803
Sigma: 1.0
pos_label=1....AUC@ROC: 0.8538749814033508, APCER:0.20000000298023224, EER: 0.20000000298023224, BPCER:0.20499999821186066, ACER:0.20250000059604645
Sigma: 1.5
pos_label=1....AUC@ROC: 0.7043750286102295, APCER:0.32499998807907104, EER: 0.3499999940395355, BPCER:0.3400000035762787, ACER:0.33250001072883606
Sigma: 2.0
pos_label=1....AUC@ROC: 0.6786249876022339, APCER:0.3499999940395355, EER: 0.3499999940395355, BPCER:0.36500000953674316, ACER:0.35749998688697815
