Sigma: 0.5
pos_label=1....AUC@ROC: 0.7014999985694885, APCER:0.32499998807907104, EER: 0.3499999940395355, BPCER:0.3400000035762787, ACER:0.33250001072883606
Sigma: 1.0
pos_label=1....AUC@ROC: 0.8427500128746033, APCER:0.22499999403953552, EER: 0.22499999403953552, BPCER:0.23000000417232513, ACER:0.22750000655651093
Sigma: 1.5
pos_label=1....AUC@ROC: 0.5544999837875366, APCER:0.4000000059604645, EER: 0.42500001192092896, BPCER:0.4350000023841858, ACER:0.41749998927116394
Sigma: 2.0
pos_label=1....AUC@ROC: 0.5252500176429749, APCER:0.44999998807907104, EER: 0.44999998807907104, BPCER:0.44999998807907104, ACER:0.44999998807907104
