Sigma: 0.5
pos_label=1....AUC@ROC: 0.9071250152587891, APCER:0.12499999701976776, EER: 0.12499999701976776, BPCER:0.1250000023841858
Sigma: 1.0
pos_label=1....AUC@ROC: 0.955875027179718, APCER:0.07000000596046448, EER: 0.0730000596046448, BPCER:0.07500000596046448
Sigma: 1.5
pos_label=1....AUC@ROC: 0.8731249928474426, APCER:0.2050000059604645, EER: 0.2150000059604645, BPCER:0.2150000059604645
Sigma: 2.0
pos_label=1....AUC@ROC: 0.8563749837875366, APCER:0.25499998807907104, EER: 0.28499998807907104, BPCER:28499998807907104
